206
9732 19
34279 70399 68587 25547 45457 46395 59657 91031 14832 27469 30621 23745 16150 21619 5122 97489 97694 23923 50564 
6112 19
21317 87586 57834 95722 96465 1051 40142 54018 78666 6901 47382 13248 31668 61716 27539 86659 95625 93072 71160 
8408 19
9756 16222 31076 23569 13455 63077 27938 35896 40222 47632 3312 82975 23584 5279 4098 69966 37821 22006 46750 
2631 20
28844 95646 53154 27196 41551 48846 91910 65968 46628 98470 51443 72913 92325 86463 39248 49839 63405 11334 72613 30747 
1478 20
29736 81910 56764 95287 31959 59763 21990 29280 16091 11030 70272 40915 94114 89956 99281 44076 3165 94760 16541 88154 
1764 19
47404 44025 65649 11406 54107 77315 20779 14379 64281 13065 56196 21325 56985 56758 12587 48550 14640 65781 12597 
3597 20
40462 30212 95110 43268 15572 44464 11413 10118 37962 76133 90138 43181 26650 84345 90342 82493 12667 73670 55285 59146 
4255 20
81866 86820 56287 86341 72649 86205 43634 64636 77860 30433 96564 4701 67242 99761 82795 26711 80831 49819 63616 36939 
5294 20
87435 95852 78911 93228 78899 16698 77661 80627 98765 42723 24523 35912 28350 22848 93883 99504 14456 48438 22139 48322 
1670 20
93037 3093 23129 68278 68239 9793 63980 38845 51718 56610 2236 1764 16775 74694 7834 68138 71716 3253 76288 4625 
5172 20
51447 57499 4624 78612 70466 52269 6742 17102 52564 57587 40985 22553 863 71104 45727 8430 24432 67828 5955 32583 
1401 20
21662 36831 18325 32087 99567 40839 88283 25313 59882 89744 35776 650 63603 33765 10209 4430 85309 63672 77727 41249 
5065 19
32542 28614 40458 9950 71471 311 6870 20130 3096 69453 75917 99038 63892 77520 71880 28703 62380 89812 99758 
4271 20
16292 43577 24347 20987 26395 61454 18754 12340 34348 68113 48279 11583 44465 54256 86717 29450 71604 49633 28379 1111 
1542 20
48422 32276 43483 37154 57961 88883 41059 53326 91068 41041 50781 35572 23501 47800 2698 74937 46442 86246 20852 25437 
5006 20
54408 54828 50106 68314 43268 21514 30427 91079 53649 6050 25614 12938 18289 57867 64415 76702 46101 95257 35815 39830 
9582 20
80930 79771 91380 49047 71517 84645 18295 65333 72460 62732 76051 38096 57117 15781 75325 82593 26027 72058 68781 25539 
2595 20
68600 24051 74434 65394 6211 14294 53077 47277 7402 43589 89403 20237 37988 99774 85163 21527 32210 58789 56102 4574 
2829 19
77091 27028 91436 60182 74154 85080 9546 8252 41562 13207 97508 91369 85274 82823 97725 56084 85013 52043 96141 
6910 20
1819 1461 29866 84035 24360 92039 34096 77514 68231 29904 15916 59656 83844 15432 42546 74100 30148 79901 72794 10629 
1959 20
33065 66986 79779 37814 92586 15504 37462 8816 30360 6488 65440 30904 26841 80465 40740 78377 22070 58849 2558 26926 
7197 19
33752 79354 40527 45087 9789 70548 60373 57881 37221 35493 57825 50884 22905 29183 47711 32052 85002 23852 17486 
5287 20
25182 28737 85930 45300 80276 27536 3206 10141 84768 69034 3028 70320 7137 74984 74627 8987 25386 61540 6389 78017 
2935 19
79361 13418 34906 75105 91478 37916 29005 89387 84668 37879 44126 89879 34047 94414 14544 7784 63695 68413 1992 
8696 20
35619 45104 44776 86267 17085 89554 3876 87902 38304 24855 77630 82092 78115 2284 82577 94634 66416 42488 5076 65791 
7339 20
77692 95078 53848 47960 18156 43162 2107 32093 28568 37395 32405 56101 29228 27500 5671 29480 72783 78398 50903 99861 
3169 20
81404 68833 21488 88523 47381 91815 27517 50325 39686 21040 45464 14258 55535 32833 61712 27591 28600 83548 51699 97013 
1598 19
11607 13254 38763 51557 10902 64519 30557 38745 93254 9729 34493 79514 11831 76495 56326 3331 17390 57788 81280 
9487 20
24335 64606 42850 62805 32525 32426 98040 76083 26750 6038 75819 54543 30970 32950 2958 75389 35812 72923 9282 52169 
9692 17
991 12574 90107 94674 59362 89000 4046 53196 17138 49181 6893 38246 70740 10196 45235 44492 95232 
9806 20
3034 7833 27565 5897 66069 66792 23799 91531 48636 63040 51194 25166 32539 75753 17347 90405 26491 45685 5999 49240 
7901 19
10970 29395 83517 26579 58602 29644 57830 51089 57998 2992 46423 83308 99186 18318 80845 88339 16893 72008 88594 
7815 19
29279 83165 82861 56576 21168 9755 79735 5927 47844 48124 13176 90719 6691 43089 65395 99502 35113 90067 69558 
1424 19
35687 62620 5751 75603 74316 70030 18512 88092 60367 503 37377 82775 78366 75658 88949 88912 43196 32595 76808 
3177 20
11779 77499 35387 42259 53291 8418 41280 3463 95748 36917 47795 72611 87898 3862 20571 70659 95194 6937 22071 61995 
3454 19
61351 98346 52330 32422 4898 19304 7321 79703 31384 65309 65984 65362 84783 19732 34871 9148 65778 55062 68136 
5280 20
25926 20382 33324 85492 82615 85419 23202 72460 74762 43188 59088 54599 40099 13124 61687 24160 79446 7245 40635 18672 
2493 20
33551 79579 4729 43399 39918 33432 63953 32355 74389 48818 42085 15829 40108 95617 35806 8519 57871 76814 83473 58246 
5036 20
31959 9900 45519 77929 13644 18083 92696 39903 29604 46328 30645 579 40914 39032 53126 58639 85664 13524 52674 35359 
9294 20
42080 72711 16973 96726 23597 68640 97076 42870 89243 7009 57516 37909 747 37479 48181 54341 59429 87581 33522 57295 
1750 20
18814 80077 97517 91723 91749 62902 74833 84480 70715 28733 68603 68908 10305 11023 64392 7149 41618 54370 3419 44587 
2643 20
72861 27112 92516 70175 14964 47531 46099 55530 38170 60587 47714 60965 31813 72542 16944 88998 571 92984 19499 48641 
8407 17
73812 1674 32342 71975 35536 24530 49023 13322 58976 61032 43528 53003 90837 553 71533 36215 29682 
4630 20
91356 7100 57171 43959 69243 368 84719 84525 66660 28823 79817 94786 7177 82768 29479 48216 47610 72945 54033 67946 
904 17
1135 16486 26397 97527 64466 31208 62617 53568 86297 37057 44808 71323 90569 7538 24713 96928 28012 
3120 20
63599 45779 89957 86000 70284 807 99902 3756 72215 41195 54200 92494 80761 74725 82105 81665 75149 16260 95577 85769 
2644 20
45568 25465 76246 86827 8260 25096 53516 35291 84739 45494 57696 45285 35476 86734 21544 4356 6193 27945 43777 91944 
661 20
48941 87312 32402 83190 46618 77606 50977 25973 15297 26557 49350 31489 55860 41272 44823 15973 86001 9112 5110 66405 
2995 18
21413 74081 1247 34544 52146 43436 9318 19261 18246 57138 63121 30202 52134 19577 30414 5441 84242 5274 
4401 17
13369 8449 55061 92631 10694 90009 53624 96546 176 12535 89240 91057 27963 40054 66987 55517 2498 
1133 20
89093 48670 67618 35861 41188 21741 20708 87020 41625 20269 4635 80544 50898 23940 6023 84375 23045 24559 22869 28103 
7358 20
8226 6016 41726 81897 46729 65508 65619 36550 63957 45114 59605 34271 81543 47834 46203 30585 67570 34122 51487 88944 
8046 20
19009 1801 53710 47686 67877 80588 70965 59572 93679 13731 35624 53756 23451 70753 48638 89532 9462 52846 51652 16932 
2560 19
47035 50332 87694 47585 42077 98687 34286 9355 3919 90653 30532 46678 23625 36243 53012 57157 54891 12033 61536 
3928 20
1040 11109 99984 79929 30902 32229 67684 81414 20790 98055 45529 94388 36372 15018 75480 76960 27612 41979 49155 88388 
5763 20
78572 71306 24823 68800 59364 66108 94605 53371 59160 95236 63137 86642 69478 66230 53009 37166 75194 76502 26444 25576 
1364 20
46785 61473 9703 53457 22118 67215 6637 5480 50191 16602 35016 83629 13278 36175 7442 78179 43337 18075 95115 31631 
9029 19
8174 21238 93249 14741 86492 90513 67385 73968 87109 15784 54927 15282 67865 15325 9474 63312 16128 76134 26710 
5621 19
52140 32620 19098 7845 60026 4633 27127 12746 14822 59919 91081 45934 80098 78307 56717 34928 3209 28194 94534 
4139 19
37278 15677 4532 29502 99384 98735 54109 56378 66706 30583 22546 17427 31160 31040 81556 58217 49140 42697 88407 
8728 19
71936 35203 33260 69082 65433 50050 87702 32405 56671 10134 74374 73194 74978 35881 72584 47730 18116 81479 15654 
1606 19
70957 22806 70198 14572 16695 443 89988 87052 82204 70712 74681 81083 60313 73298 5223 92791 93400 81745 95307 
2830 20
73779 43765 27169 2816 85802 50999 24754 93477 11521 52506 81508 66058 69904 17347 2023 22923 62515 74125 3571 65030 
3015 20
55366 59103 18432 34807 94206 34244 44696 84758 4840 45093 56574 10788 45619 12014 50932 62459 60802 61320 57506 32227 
1949 20
24096 18968 82966 71256 98832 52845 2883 63589 5658 7767 96757 99572 99686 77607 75188 21318 29512 46254 41367 1416 
4188 20
55107 24790 78967 4685 65716 74653 48855 61295 3949 9443 98086 9776 42996 94512 95029 53254 61376 78816 40737 49469 
6727 19
3037 68367 169 46683 20419 27475 71129 89031 33345 9678 62815 33423 99493 35650 9975 53500 751 89985 99419 
5311 19
88308 47594 27 73422 85283 52285 82953 37385 75001 71301 41168 81510 56186 66267 5980 26765 40337 31674 76763 
4513 20
38479 63081 11304 49050 5672 47890 28662 88072 71928 77628 85018 52031 60769 4090 22984 40848 38189 48415 38979 60048 
251 20
42139 36247 41394 30980 2436 28038 36245 51726 88034 49704 43465 56930 68948 380 42849 6156 16364 30613 80354 96369 
3340 18
89643 82696 96673 54815 23964 77225 8177 76201 37866 7453 31484 66710 34884 64382 45755 46621 33191 1489 
5073 19
73007 48921 1651 70780 17662 45208 41490 61732 36875 40888 10573 54000 21584 68016 30100 92389 1600 86595 46035 
9530 19
78919 59229 30646 46332 27657 65930 70247 94433 71577 72234 84206 5518 83438 3263 71665 3782 91234 8645 18334 
6712 19
87917 28022 10214 14454 4014 60773 76611 89403 15454 4260 36804 55337 62255 85203 8461 90135 82890 72059 21673 
5747 20
55061 84961 89643 22476 58762 4922 31431 21990 6244 61271 65590 10681 5477 28043 73983 76982 4551 29847 17337 49244 
9717 20
24005 49619 34430 89528 31613 8818 17131 80175 54700 81030 83029 53060 31011 80746 36358 71094 87353 10492 17668 85268 
9619 19
16869 67923 53603 97570 89384 74864 71889 81817 99231 63514 93670 94054 8715 4945 41545 22074 59750 33053 66905 
4951 20
60464 83976 54317 96872 60946 68640 17168 17051 47056 80866 4648 94786 99435 84586 28703 9077 81802 97325 58531 79988 
9242 19
49420 21470 74072 37102 78355 1941 54825 37862 89260 26479 52262 31590 10725 86748 42919 6430 33400 29313 3638 
4275 20
46631 60857 63686 80892 86342 47970 99148 21220 70417 71821 2809 4338 32042 39744 95189 86091 80800 93416 98905 92110 
9805 20
54566 205 53462 25462 3203 77204 55021 34639 60084 63350 85938 64975 69928 20438 82251 30928 61658 57977 23730 30299 
2611 19
20379 72537 29310 97483 2013 85641 57813 30014 35787 52184 29626 42207 20784 75980 71017 46689 55573 2252 70329 
7219 17
30095 80035 10232 61498 83244 65577 8046 79025 99905 6933 52610 56374 81402 95844 76261 46688 10771 
3525 19
60690 22992 53202 39839 33222 88124 26248 28338 90138 4701 9648 72796 5122 89782 54655 97816 80204 11729 99793 
5928 20
6437 89184 42070 6800 73704 58680 98020 16327 30727 58003 9901 70381 92971 71629 93169 46283 2104 82890 89660 48786 
6008 20
29920 45867 5250 34661 11410 84551 87851 79165 43410 24401 60417 96729 54791 36282 49132 29348 34879 80558 14507 65795 
8385 19
41505 75733 8231 42303 48764 98942 44086 17066 47878 42967 62862 12131 88746 10972 99595 22621 69228 50374 74830 
1962 19
37278 84765 44428 96281 62671 73818 2502 30483 58664 29826 89879 68175 82765 51671 10878 78135 69742 96098 73637 
2054 20
92636 91659 1710 6185 27668 44097 85047 64013 64706 45711 15150 57039 78222 78287 80293 59767 94677 2201 93387 38213 
5057 18
98302 35107 51615 26128 52320 92737 91836 37004 20724 27485 37723 10394 30101 56288 69573 56493 54671 27927 
349 20
83215 64201 17897 92378 45706 49971 10212 55168 56492 71808 20469 87536 18167 97265 93253 39545 59352 73350 99807 34171 
6134 20
88845 8314 20223 28511 59575 15130 15983 16441 83989 14464 46847 72197 54442 58272 21341 84770 53746 3 93362 17304 
6977 17
66128 32183 70449 71114 50143 34286 75975 32393 26326 17293 1942 99975 97203 16614 48057 70124 99006 
7412 20
68343 59333 45165 27169 52651 43542 5212 94954 33887 69932 33927 86753 9474 55422 31548 80424 34867 75750 17176 13706 
976 20
25452 69105 89648 84913 20915 2565 61575 79713 78129 70061 27399 92649 96395 40726 7768 3121 3485 61758 1581 84408 
1537 20
83836 48693 12074 77438 74527 97801 42729 91907 10681 61374 87307 33275 37321 69114 17099 72268 54007 2729 6451 86409 
8834 20
27790 33122 26969 32461 94166 47838 28952 15140 20112 94079 24810 57592 17043 29971 73288 27208 66250 80124 69488 47536 
9937 20
86547 93171 55483 32255 71638 19533 93635 66338 73695 16797 64210 23664 80087 8300 27017 67641 80626 93406 33274 65351 
417 20
1989 6910 94957 53611 54617 35858 275 15324 96586 66048 10368 24763 99685 93582 60189 47041 23860 42052 67351 95889 
4433 20
64294 46541 94976 51203 51197 53097 68362 10802 54230 12864 84020 27731 43036 23365 63561 29276 19352 38711 66206 66372 
6193 20
39912 48885 9104 81647 14845 5896 3566 8650 90838 99532 35872 46958 60882 30943 86553 6591 91125 36402 75383 80380 
3523 20
61656 6594 34807 85122 40136 92911 69437 672 89143 49092 22389 82484 66494 56113 39469 63837 46939 83589 14623 55861 
6832 19
96968 91032 72490 99670 80719 59365 25371 935 26356 18282 83082 86543 65767 17907 44438 39171 22132 20256 25364 
2468 20
67246 15132 59586 22455 50910 55111 48757 6745 76499 71515 58641 58943 82367 92160 64188 4270 97638 75860 44075 84408 
7218 20
75619 53763 17868 42873 41014 91340 51664 46565 67526 32922 9385 10604 19101 45458 68180 21624 7404 49821 58235 88476 
7834 19
58700 63472 42104 34715 35584 43920 54148 15667 5965 51735 7810 60732 28688 19199 49481 66811 17644 46790 8043 
5053 19
59378 10965 47759 45636 95967 73720 19673 93125 97335 25811 93391 63193 11913 25989 37442 56682 39551 97862 59427 
5337 19
35646 73977 34927 64465 76649 89116 672 64741 78638 44852 25542 89207 91595 62762 39789 85424 21581 83241 24497 
6247 19
23903 93861 87397 68930 52998 13773 84919 97839 39781 43826 87127 1016 9586 82602 1267 17357 57766 80219 16436 
8806 19
53684 68367 62452 16845 75719 72171 58071 37049 39730 38700 78327 2698 15056 26433 29987 4637 4935 22017 40312 
2929 17
27465 27023 44911 38518 30469 38703 43243 46862 35499 81535 136 91547 58328 21993 70385 54481 87204 
9647 19
6639 93830 20992 36874 77077 22523 36307 29392 69201 25354 15121 35547 14951 3723 46419 25514 24037 95318 47109 
8301 20
42833 77553 60520 77403 8668 33035 59243 80421 56580 68204 25209 94550 23887 73315 93091 86813 91618 79257 44378 79564 
2442 20
98604 84503 25730 48399 73543 99505 48981 58775 27609 31444 48214 4533 40660 16400 72868 16842 69852 62385 96549 9663 
6017 19
47062 81823 80407 27909 76518 24947 46107 23138 908 13927 76080 90235 97607 96869 90217 99079 44017 36596 99549 
4413 20
20941 10327 3122 28378 49728 59260 7199 46770 14730 57058 20025 86589 84151 91694 32534 68090 37650 66666 7762 18639 
5239 20
96215 93034 98401 60165 84253 40472 78457 72887 31060 60645 77807 77922 77815 48604 85295 32705 84030 20909 84346 99630 
2664 19
52093 54995 84514 69525 70202 65434 57718 47150 73448 47589 80596 57976 96111 31295 73485 91693 60287 30059 39531 
2384 19
83871 89392 74373 92352 32593 28226 75040 15032 84077 65527 72828 44035 34763 40514 6258 40138 66377 47168 52570 
6836 20
43972 7098 43887 2475 46021 73748 76334 9803 34777 35649 16538 60963 11927 8810 13539 44567 63685 47880 20434 39964 
1561 18
30326 71237 38789 92091 25619 18027 58267 92126 9880 16710 37006 87458 53032 16984 90433 5669 37612 27889 
7040 20
61395 10448 63916 26840 81695 18632 20104 6429 68762 52031 40241 9114 51633 12011 19113 15896 95228 40704 36601 80914 
7541 18
5324 19940 11479 13215 20145 52966 36106 83579 90316 38348 67202 86275 83095 39512 93685 89555 9812 36777 
8472 20
40905 96439 46723 37818 28863 71149 42765 52642 74540 99210 1120 47754 42883 88166 96632 87231 27105 15709 78122 31206 
9583 19
38361 30952 42148 25138 22618 91996 70184 83082 98534 84306 27934 65819 982 96922 3971 66941 11881 81479 69681 
7389 18
88532 7893 19237 73191 77292 8061 57523 65733 24479 28797 96539 55750 43180 52922 6141 50251 18996 23459 
9269 20
86757 20210 9353 50815 26347 23676 93686 96352 76753 23128 37052 29253 59944 26592 19235 95977 17441 16975 57458 22497 
5197 19
45343 24753 40458 86398 58313 35091 39479 23035 79138 72674 959 92028 31799 88446 16340 22871 36950 2237 69462 
8736 20
21646 8865 94262 80692 49650 69455 33504 66827 33706 350 38512 16084 85576 11859 90079 60008 5591 51427 24446 25964 
8117 19
4576 54384 84635 82481 82206 86052 43528 45061 70570 85583 87340 25506 33954 77852 14959 25582 95339 42394 97180 
3629 20
21168 5750 51851 72472 64501 66715 5300 6044 12758 93128 99147 70113 88364 68531 4753 16242 789 26714 44889 24513 
8750 18
51553 34853 38092 58401 56668 88161 7264 49185 83312 87766 22364 32270 44610 92134 9468 74777 31847 62683 
19 20
57153 2596 41297 82303 77516 53043 53181 59697 34109 33832 31923 15417 289 10987 62074 45938 84845 50289 84320 54031 
7833 20
48921 80729 81100 15040 75439 28263 13413 27970 6455 13335 25955 76171 17284 55296 951 65603 77924 82706 28929 96292 
7988 19
54800 11809 73737 29220 50143 77953 60842 56908 78125 74963 38340 99324 71914 73639 99652 92503 56061 52276 6005 
8839 19
73517 13780 93992 11548 81713 62467 17418 61444 25692 80409 4964 15830 66404 30601 79479 48420 24954 25978 76776 
7484 20
30428 6999 499 97413 33899 74915 24604 1233 33011 62288 51693 35042 94567 31262 83090 68859 13048 89053 80159 27513 
5469 18
41959 90219 71779 61342 28439 95665 66309 94990 66396 5116 6240 53581 81175 71115 65340 34624 80793 24373 
6185 19
43886 10957 64503 26521 88182 94908 13777 85140 80553 39140 75533 1550 81670 50605 47875 53631 4259 92901 49168 
7287 18
31985 75752 35972 9724 70999 91452 56179 31373 51665 12943 47716 53773 35538 67875 18785 73935 41289 84244 
6020 19
38495 38747 65581 38092 37584 16329 6235 95373 7074 67998 25232 95225 141 35028 77779 46814 20367 55774 5209 
7709 19
99195 24499 28069 69407 9816 71892 58854 6194 78733 23021 56021 67654 91415 53259 88615 70512 80735 37972 17174 
2195 20
79516 85567 21469 89775 67749 25329 64341 62410 42967 30283 21788 9115 59308 11111 13602 34559 462 53185 18650 31905 
7072 19
23190 95736 17708 39286 3659 96718 60880 95521 23931 52746 26289 80706 73842 28666 14344 90714 96889 97556 72820 
1465 20
6159 81711 71796 74811 30721 29361 82355 50666 52286 96 33539 45149 78843 38758 10613 44199 90912 7543 19036 18009 
1340 18
48422 30989 2184 79385 26338 29399 66307 7179 83278 2239 7227 11220 46563 56105 9369 18235 42587 70815 
2922 20
32682 30076 45653 19408 42405 88220 72829 26814 75524 16526 33656 9446 87058 33208 76311 72305 62828 40862 51794 53663 
9618 19
98375 59376 62769 22615 69299 62320 89076 82354 44304 98974 33397 50619 25482 8646 9983 2458 4238 94777 84855 
8922 20
85397 77920 65273 41981 18982 44118 54162 39595 50624 20304 42017 66324 65981 21587 96594 67842 89647 3565 81571 84996 
5628 19
56090 93725 50978 49668 70848 2466 65347 98738 42200 37945 62968 70865 4356 65848 60959 19434 77697 42494 20184 
6464 18
78557 73781 58880 71231 73743 49221 42483 37271 70117 7568 84763 66338 51166 88610 42093 7421 19163 8972 
1262 19
59548 37217 91379 52936 12010 99440 21917 89874 28974 81930 93039 89597 60418 97293 91993 63823 15082 4865 76659 
9836 20
15151 78858 64956 79991 86374 32683 72558 92220 84746 85288 54368 65991 46523 10156 37094 34747 49563 32046 63244 93608 
972 20
43377 67802 47495 17859 27474 16153 41005 15185 22442 90445 2389 23737 60423 42783 67061 2497 71103 55508 54586 35199 
8884 18
90230 59177 63572 26684 3550 11645 36919 20310 67226 96767 42053 82713 22326 12151 6991 55880 94654 68993 
875 18
22879 69768 16430 83367 45012 34973 58702 25801 76351 19725 66502 7369 1076 50280 23244 24063 18696 31777 
9636 19
66300 13836 94382 22875 97065 45399 81091 8473 11817 26596 14039 3261 85429 52435 74739 7273 4076 27211 77358 
1215 19
11905 72463 66450 93761 76553 72157 32697 74238 4878 38052 92420 51428 38005 31267 67496 78323 3191 28288 87296 
7380 20
49526 86398 35840 90981 91080 86337 77412 87971 28082 82460 93267 2230 12342 38921 64757 31465 37914 60172 60646 20947 
974 20
50584 81788 36841 18860 95871 2107 8501 18023 29246 52218 90806 59834 5647 34577 44538 75170 50200 59541 81697 52876 
2247 19
82702 68220 38308 22281 8131 30364 37130 84230 75941 51686 996 33832 36357 48484 52810 63658 81455 68102 12144 
4388 17
34052 5537 1073 82696 50184 91380 12450 84944 66454 12154 59041 65184 36024 34992 81015 46182 57524 
2596 18
7317 89768 13673 27348 39432 81132 77235 62448 55132 61967 85984 92388 99555 99463 76435 34838 8770 27542 
5639 20
83004 98037 9399 37394 54255 40505 56052 35423 36910 48368 34598 80119 47904 3492 93994 10915 5820 18113 6993 24597 
264 20
73181 32309 59053 19188 58244 88161 99300 92154 51971 49444 43906 12083 22244 68055 99607 33829 25941 49927 26064 69178 
9985 19
5474 86708 18118 352 81477 35989 4521 95315 81469 46976 43277 39791 57997 13262 94829 27065 44342 31641 71651 
333 20
14167 66077 85210 54340 26728 17375 65703 77281 16094 98009 629 56452 42018 2253 22979 83552 28898 66274 43130 56312 
9277 19
1677 75269 26618 1404 17950 82049 76296 52765 24431 8730 95698 61344 85535 32901 69537 16941 98478 71851 4990 
6991 18
39427 36109 27179 49014 99384 40849 25107 81265 74367 1984 37168 27383 8839 64979 94663 71212 43937 18473 
6468 20
33024 70998 45359 52653 12308 38772 39842 6743 5418 29476 93445 60710 84678 2730 85490 43956 3664 15038 81275 68680 
1551 19
57630 56068 37223 9404 57225 8504 4790 2684 97317 68416 88606 44066 60973 97265 34746 12481 51535 41567 21609 
1928 20
91387 30272 71206 13849 2137 50666 71220 56262 98559 37082 78401 28227 7612 16058 29389 9633 97196 35298 99276 83502 
6141 18
53885 94993 38111 75205 13895 53624 57400 17779 91077 15322 82967 14509 88688 75195 11291 50634 38641 48360 
1586 18
99143 64819 81029 6839 72033 75129 30002 45853 9184 5425 37911 98168 70460 46358 59150 79629 91872 42446 
2005 19
95397 94316 79354 70907 19293 94802 85118 26904 77068 36257 31161 17246 65171 97916 78552 21358 57394 84815 83642 
6497 19
84139 80218 4320 80411 39819 45431 52642 33968 39310 58460 25232 59139 41187 10431 91704 791 91970 96622 54968 
1420 19
76512 27803 26410 18028 72371 28783 88102 74425 89894 20791 11526 24206 24401 46426 80524 39276 82035 1597 84686 
8924 20
12031 37607 75238 70709 11531 35164 63884 4045 74346 94983 39946 96539 82408 19112 35280 43711 36417 18916 60589 3317 
2666 17
33667 60452 55114 24085 95190 18220 76598 26796 86730 77976 53405 78768 88819 25484 4386 15898 29143 
3445 20
66283 27253 4892 42696 33382 86625 85296 37423 51247 4035 64997 96884 81792 38675 34801 54121 21852 67596 44515 61680 
1692 19
12711 51199 1643 13679 56466 17111 19384 26326 87509 75801 36480 93036 56858 97683 93935 68516 3721 44581 45606 
6258 20
49500 39742 18166 64880 80381 89297 99517 1626 78186 6905 91261 56382 52036 4743 40405 61990 79538 86338 18399 2681 
6263 20
29130 55483 87009 6859 94082 28689 63022 78035 17914 6514 65865 60147 55536 79926 55235 80246 84977 51412 37903 83442 
6715 18
35878 70288 49510 96008 9544 69349 94724 95314 3598 68116 34769 21077 98111 26822 67956 75926 92033 1147 
848 20
681 76562 71790 26029 66596 10699 19413 87597 95698 7640 28295 69839 80884 74184 88991 4371 26788 96781 94950 1508 
1725 19
64105 96309 20639 75688 47773 72812 19198 21222 51028 11418 74978 58216 37583 73196 83499 23399 83255 47814 98779 
5608 20
55890 27604 80523 47547 80381 83487 77152 95222 91541 5011 66487 77270 88551 25460 31736 81161 19034 72801 31023 77010 
3038 20
54995 77961 87132 35781 39108 74535 69583 39175 6670 78023 15187 77621 54771 6021 85081 42724 15116 83715 87299 88556 
7793 19
20711 64014 18067 73878 76578 61304 94310 76605 85846 19140 72487 71042 58735 45180 32914 74441 72328 31285 32793 
7050 20
53270 13613 34199 40683 37230 11958 63853 85014 79055 21397 54619 37315 66657 45019 57452 39815 41269 35575 6540 84806 
4482 20
49467 54183 10365 97425 79991 61732 90221 89662 89503 81854 67305 57388 44967 44312 93118 50173 44553 24692 78570 83502 
9359 19
50397 81348 72169 3917 73996 8847 63696 27446 76616 35104 89808 13330 82061 64099 1087 25878 16230 34050 68912 
2762 20
91667 25305 60104 41582 64889 51939 64425 88859 41243 64328 35912 97191 97493 98228 5100 79870 80991 46548 61888 11579 
8405 20
62327 27052 75782 17767 94531 8937 85493 4455 21434 2869 15557 14680 23404 86386 54822 29265 35887 70616 55744 11318 
3099 20
98898 33907 540 70860 23576 89187 61304 70395 13117 95897 80302 73481 24562 67095 45758 75284 91092 70504 11896 19156 
9998 19
53242 14081 63916 85931 73064 7193 23867 7541 17066 97190 32067 93052 31316 78073 865 39237 34701 85027 64416 
4006 20
20336 48413 16659 69553 14125 43253 27982 35677 51192 12746 66990 26469 95141 55852 29579 11214 73549 54398 94250 70040 
9847 20
40102 53569 49572 25360 83320 76930 96190 11764 81346 98774 83562 67470 90236 51583 34886 42249 31148 86436 37905 85170 
5272 17
37152 6228 26000 54677 14946 18631 83652 52185 49264 37339 38740 37519 79790 44610 8396 50995 82744 
9060 19
17460 91847 85768 78524 75184 15588 58438 32288 49125 82115 73534 30539 2832 39421 51498 28418 47744 3631 21954 
9980 19
95073 65284 18809 67749 65687 93626 7725 26187 62181 54620 13131 29629 75845 76719 64647 27823 71117 678 90109 
165 19
70232 77458 56855 28355 37089 6338 82111 76135 81958 78600 57068 71402 78531 77356 91426 51720 33518 88798 29967 
6550 19
94970 97138 10051 35700 31067 49892 65313 11530 97857 7958 93066 63103 12759 33058 80912 57286 85050 57527 16395 
6588 20
60125 88210 19537 75995 48982 50826 49067 50809 7618 42352 66794 98341 1988 82960 38766 2159 75758 47631 37636 36766 
4871 20
920 12492 79041 29616 52743 42134 10014 2030 11543 55914 58146 68337 17652 50357 83073 98377 18945 17164 66996 72701 
0 0

